survey,year,species,sizebin,inpN,Blue_whiting,Capelin,Green_halibut,Haddock,Long_rough_dab,Mackerel,North_atl_cod,Norwegian_ssh,Polar_cod,Redfish,Saithe,allotherprey
BTS_fall_allbox_effic1,1,Blue_whiting,sizebin2,10000000,NA,0.009291531760030261,NA,NA,NA,NA,NA,5.496365900150482e-7,NA,0.04851716759561304,NA,0.9421907510077667
BTS_fall_allbox_effic1,1,Blue_whiting,sizebin3,10000000,NA,0.01141771845141169,NA,NA,NA,NA,NA,2.9851921942278857e-5,NA,0.06067548799626009,NA,0.9278769416303859
BTS_fall_allbox_effic1,1,Blue_whiting,sizebin4,10000000,NA,0.01180616992275393,NA,NA,NA,NA,NA,9.093417395435525e-5,NA,0.06388694576547543,NA,0.9242159501378163
BTS_fall_allbox_effic1,1,Blue_whiting,sizebin5,10000000,NA,0.011836323424023666,NA,NA,NA,NA,NA,2.4941900426271964e-4,NA,0.06516198759682965,NA,0.922752269974884
BTS_fall_allbox_effic1,2,Blue_whiting,sizebin2,10000000,NA,0.001006252721412937,NA,NA,NA,NA,NA,1.8306366559454169e-6,NA,0.0016067091011420596,NA,0.9973852075407891
BTS_fall_allbox_effic1,2,Blue_whiting,sizebin3,10000000,NA,0.02289904851569957,NA,NA,NA,NA,NA,3.964643815718595e-5,NA,0.0372022927493843,NA,0.93985901229675894
BTS_fall_allbox_effic1,2,Blue_whiting,sizebin4,10000000,NA,0.04377101820120551,NA,NA,NA,NA,NA,7.650146197564962e-5,NA,0.07187456174859863,NA,0.8842779185882202
BTS_fall_allbox_effic1,2,Blue_whiting,sizebin5,10000000,NA,0.04562517931000402,NA,NA,NA,NA,NA,8.098823919216915e-5,NA,0.07554256681351672,NA,0.8787512656372871
BTS_fall_allbox_effic1,3,Blue_whiting,sizebin2,10000000,NA,1.976612413071871e-4,NA,NA,NA,NA,NA,2.071274088354481e-6,NA,4.7959220074009765e-4,NA,0.9993206752838644
BTS_fall_allbox_effic1,3,Blue_whiting,sizebin3,10000000,NA,0.01595112215543091,NA,NA,NA,NA,NA,1.1964241995880275e-4,NA,0.03839287788718446,NA,0.9455363575374258
BTS_fall_allbox_effic1,3,Blue_whiting,sizebin4,10000000,NA,0.027159801960753745,NA,NA,NA,NA,NA,2.0424670973297752e-4,NA,0.0650621282451519,NA,0.9075738230843614
BTS_fall_allbox_effic1,3,Blue_whiting,sizebin5,10000000,NA,0.02784511232294993,NA,NA,NA,NA,NA,2.1052640369324764e-4,NA,0.06621909370366075,NA,0.9057252675696961
BTS_fall_allbox_effic1,4,Blue_whiting,sizebin2,10000000,NA,6.035093500594713e-5,NA,NA,NA,NA,NA,1.2398621436936287e-6,NA,2.5469776691981316e-4,NA,0.9996837114359306
BTS_fall_allbox_effic1,4,Blue_whiting,sizebin3,10000000,NA,0.008725558938194775,NA,NA,NA,NA,NA,1.792960999662826e-4,NA,0.03649408727800559,NA,0.9546010576838333
BTS_fall_allbox_effic1,4,Blue_whiting,sizebin4,10000000,NA,0.01289448711649638,NA,NA,NA,NA,NA,2.6500519449684963e-4,NA,0.053767774745055105,NA,0.9330727329439517
BTS_fall_allbox_effic1,4,Blue_whiting,sizebin5,10000000,NA,0.013064716393401322,NA,NA,NA,NA,NA,2.684023671167913e-4,NA,0.054314595019670855,NA,0.932352286219811
BTS_fall_allbox_effic1,5,Blue_whiting,sizebin2,10000000,NA,1.7288564616522523e-5,NA,NA,NA,NA,NA,8.298673069079137e-7,NA,1.3853146756535466e-4,NA,0.9998433501005112
BTS_fall_allbox_effic1,5,Blue_whiting,sizebin3,10000000,NA,0.00390857940100103,NA,NA,NA,NA,NA,1.8816903479020993e-4,NA,0.03257703633144793,NA,0.9633262152327609
BTS_fall_allbox_effic1,5,Blue_whiting,sizebin4,10000000,NA,0.0058110072710604605,NA,NA,NA,NA,NA,0.00028001641748994595,NA,0.04846783719750021,NA,0.9454411391139493
BTS_fall_allbox_effic1,5,Blue_whiting,sizebin5,10000000,NA,0.005868227129887456,NA,NA,NA,NA,NA,2.8317346475636963e-4,NA,0.04898177908528093,NA,0.9448668203200752
BTS_fall_allbox_effic1,6,Blue_whiting,sizebin2,10000000,NA,1.1039614084818332e-5,NA,NA,NA,NA,NA,8.695878040795945e-7,NA,1.4851466901968238e-4,NA,0.9998395761290915
BTS_fall_allbox_effic1,6,Blue_whiting,sizebin3,10000000,NA,0.0024141651661392883,NA,NA,NA,NA,NA,1.8953846709509774e-4,NA,0.03351845049541648,NA,0.9638778458713492
BTS_fall_allbox_effic1,6,Blue_whiting,sizebin4,10000000,NA,0.0035056213855075135,NA,NA,NA,NA,NA,2.748520603214769e-4,NA,0.048974147378244785,NA,0.9472453791759262
BTS_fall_allbox_effic1,6,Blue_whiting,sizebin5,10000000,NA,0.0035185751158231153,NA,NA,NA,NA,NA,2.750883126322293e-4,NA,0.04951056350147379,NA,0.9466957730700709
BTS_fall_allbox_effic1,7,Blue_whiting,sizebin2,10000000,NA,1.005567596652451e-5,NA,NA,NA,NA,NA,7.924856041711046e-7,NA,1.7010940245781002e-4,NA,0.9998190424359715
BTS_fall_allbox_effic1,7,Blue_whiting,sizebin3,10000000,NA,0.0019759415320724275,NA,NA,NA,NA,NA,1.5885674079807552e-4,NA,0.03454536699136432,NA,0.9633198347357652
BTS_fall_allbox_effic1,7,Blue_whiting,sizebin4,10000000,NA,0.0028168776687377845,NA,NA,NA,NA,NA,2.2809373561522614e-4,NA,0.049789867596354016,NA,0.9471651609992929
BTS_fall_allbox_effic1,7,Blue_whiting,sizebin5,10000000,NA,0.0028080449486051684,NA,NA,NA,NA,NA,2.2899224474417194e-4,NA,0.05030560015785606,NA,0.9466573626487946
BTS_fall_allbox_effic1,8,Blue_whiting,sizebin2,10000000,NA,8.112834322397478e-6,NA,NA,NA,NA,NA,7.835692516192775e-7,NA,1.783437038253572e-4,NA,0.9998127598926007
BTS_fall_allbox_effic1,8,Blue_whiting,sizebin3,10000000,NA,0.0014336548425429628,NA,NA,NA,NA,NA,1.371351549460303e-4,NA,0.032653017513270266,NA,0.9657761924892407
BTS_fall_allbox_effic1,8,Blue_whiting,sizebin4,10000000,NA,0.002015377958779624,NA,NA,NA,NA,NA,1.9236884554882383e-4,NA,0.046408084285875624,NA,0.9513841689097959
BTS_fall_allbox_effic1,8,Blue_whiting,sizebin5,10000000,NA,0.002009767237487883,NA,NA,NA,NA,NA,1.9116994882826255e-4,NA,0.04685966129962256,NA,0.9509394015140613
BTS_fall_allbox_effic1,9,Blue_whiting,sizebin2,10000000,NA,4.216970101142522e-6,NA,NA,NA,NA,NA,4.402425989571931e-7,NA,9.730995369575686e-5,NA,0.9998980328336041
BTS_fall_allbox_effic1,9,Blue_whiting,sizebin3,10000000,NA,0.0013044351861085464,NA,NA,NA,NA,NA,1.384493793489861e-4,NA,0.032085668836230645,NA,0.9664714465983119
BTS_fall_allbox_effic1,9,Blue_whiting,sizebin4,10000000,NA,0.0017981407077895127,NA,NA,NA,NA,NA,1.9124879655078771e-4,NA,0.044874872125786607,NA,0.9531357383698731
BTS_fall_allbox_effic1,9,Blue_whiting,sizebin5,10000000,NA,0.0017846489461140044,NA,NA,NA,NA,NA,1.9001713286892716e-4,NA,0.04524692295502408,NA,0.952778410965993
BTS_fall_allbox_effic1,10,Blue_whiting,sizebin2,10000000,NA,4.507273795208409e-6,NA,NA,NA,NA,NA,6.278010021310929e-7,NA,9.991314820411919e-5,NA,0.9998949517769985
BTS_fall_allbox_effic1,10,Blue_whiting,sizebin3,10000000,NA,0.0011920090295617562,NA,NA,NA,NA,NA,1.6751367903114663e-4,NA,0.028340058978214306,NA,0.9703004183131928
BTS_fall_allbox_effic1,10,Blue_whiting,sizebin4,10000000,NA,0.0016154510087046066,NA,NA,NA,NA,NA,2.282217882135721e-4,NA,0.03897814445419694,NA,0.9591781827488849
BTS_fall_allbox_effic1,10,Blue_whiting,sizebin5,10000000,NA,0.0016057462269689542,NA,NA,NA,NA,NA,2.281813415539204e-4,NA,0.039325574916449425,NA,0.9588404975150278
BTS_fall_allbox_effic1,11,Blue_whiting,sizebin3,10000000,NA,0.00199791758070897,NA,NA,NA,NA,NA,1.7894163101544563e-4,NA,0.032431094887007975,NA,0.9653920459012676
BTS_fall_allbox_effic1,11,Blue_whiting,sizebin4,10000000,NA,0.0027407474953060557,NA,NA,NA,NA,NA,2.458635878050918e-4,NA,0.04512595469875294,NA,0.9518874342181359
BTS_fall_allbox_effic1,11,Blue_whiting,sizebin5,10000000,NA,0.0027285122940790556,NA,NA,NA,NA,NA,2.449983606088711e-4,NA,0.0455698265419851,NA,0.951456662803327
BTS_fall_allbox_effic1,12,Blue_whiting,sizebin3,10000000,NA,0.0018841454246512127,NA,NA,NA,NA,NA,2.303599419515881e-4,NA,0.030048534510276084,NA,0.9678369601231211
BTS_fall_allbox_effic1,12,Blue_whiting,sizebin4,10000000,NA,0.0026147854607067034,NA,NA,NA,NA,NA,3.213775615192999e-4,NA,0.042358911699613325,NA,0.9547049252781606
BTS_fall_allbox_effic1,12,Blue_whiting,sizebin5,10000000,NA,0.0026100971259488633,NA,NA,NA,NA,NA,3.2218474867241084e-4,NA,0.042939449702465014,NA,0.9541282684229138
BTS_fall_allbox_effic1,13,Blue_whiting,sizebin3,10000000,NA,0.0031152884988872947,NA,NA,NA,NA,NA,1.9891283764181738e-4,NA,0.027885491280985497,NA,0.9688003073824853
BTS_fall_allbox_effic1,13,Blue_whiting,sizebin4,10000000,NA,0.0042920353619683915,NA,NA,NA,NA,NA,2.7657260474416696e-4,NA,0.03909115319634884,NA,0.9563402388369386
BTS_fall_allbox_effic1,13,Blue_whiting,sizebin5,10000000,NA,0.004288898681639241,NA,NA,NA,NA,NA,2.78816901949672e-4,NA,0.039721205395710245,NA,0.9557110790207008
BTS_fall_allbox_effic1,14,Blue_whiting,sizebin3,10000000,NA,0.0029233412524104167,NA,NA,NA,NA,NA,2.127820751726534e-4,NA,0.03170021124518454,NA,0.9651636654272324
BTS_fall_allbox_effic1,14,Blue_whiting,sizebin4,10000000,NA,0.0039876084993282915,NA,NA,NA,NA,NA,2.9247513301250416e-4,NA,0.043949730103358814,NA,0.9517701862643004
BTS_fall_allbox_effic1,14,Blue_whiting,sizebin5,10000000,NA,0.003989926340371996,NA,NA,NA,NA,NA,2.947558450656565e-4,NA,0.0446984546312866,NA,0.9510168631832757
BTS_fall_allbox_effic1,15,Blue_whiting,sizebin3,10000000,NA,0.00458234981186596,NA,NA,NA,NA,NA,2.4358870755057446e-4,NA,0.03830327825310338,NA,0.9568707832274801
BTS_fall_allbox_effic1,15,Blue_whiting,sizebin4,10000000,NA,0.006158571272981273,NA,NA,NA,NA,NA,3.3105651658459567e-4,NA,0.052346280746313444,NA,0.9411640914641207
BTS_fall_allbox_effic1,15,Blue_whiting,sizebin5,10000000,NA,0.0061586702632580445,NA,NA,NA,NA,NA,3.347647740044715e-4,NA,0.0532318041124571,NA,0.9402747608502804
BTS_fall_allbox_effic1,16,Blue_whiting,sizebin3,10000000,NA,0.0030255040929565965,NA,NA,NA,NA,NA,2.0170698662021788e-4,NA,0.0415952162264628,NA,0.9551775726939604
BTS_fall_allbox_effic1,16,Blue_whiting,sizebin4,10000000,NA,0.004239251629708854,NA,NA,NA,NA,NA,2.8359599463358403e-4,NA,0.05890664096764307,NA,0.9365705114080145
BTS_fall_allbox_effic1,16,Blue_whiting,sizebin5,10000000,NA,0.0042598572479133215,NA,NA,NA,NA,NA,2.861147067323743e-4,NA,0.05983107320074139,NA,0.9356229548446129
BTS_fall_allbox_effic1,17,Blue_whiting,sizebin3,10000000,NA,0.003398420013471072,NA,NA,NA,NA,NA,1.71506032413013e-4,NA,0.03529458046897217,NA,0.9611354934851437
BTS_fall_allbox_effic1,17,Blue_whiting,sizebin4,10000000,NA,0.004939102866706745,NA,NA,NA,NA,NA,2.508052869521237e-4,NA,0.05198678732015259,NA,0.9428233045261886
BTS_fall_allbox_effic1,17,Blue_whiting,sizebin5,10000000,NA,0.004960305220114046,NA,NA,NA,NA,NA,2.539584846783418e-4,NA,0.0529531570835017,NA,0.9418325792117059
BTS_fall_allbox_effic1,18,Blue_whiting,sizebin3,10000000,NA,0.0039119970252085474,NA,NA,NA,NA,NA,1.8554879124050395e-4,NA,0.029043623712131563,NA,0.9668588304714194
BTS_fall_allbox_effic1,18,Blue_whiting,sizebin4,10000000,NA,0.005892484846298243,NA,NA,NA,NA,NA,2.8064770420842196e-4,NA,0.04439977973877354,NA,0.9494270877107198
BTS_fall_allbox_effic1,18,Blue_whiting,sizebin5,10000000,NA,0.005921253973311743,NA,NA,NA,NA,NA,2.829929933095638e-4,NA,0.04533486494344029,NA,0.9484608880899384
BTS_fall_allbox_effic1,19,Blue_whiting,sizebin2,10000000,NA,1.0982926648583393e-5,NA,NA,NA,NA,NA,7.247146776287261e-7,NA,8.30390836282871e-5,NA,0.9999052532750455
BTS_fall_allbox_effic1,19,Blue_whiting,sizebin3,10000000,NA,0.003603820754516052,NA,NA,NA,NA,NA,2.4792206486621307e-4,NA,0.02922789601180893,NA,0.9669203611688089
BTS_fall_allbox_effic1,19,Blue_whiting,sizebin4,10000000,NA,0.0054793301529617346,NA,NA,NA,NA,NA,3.7998093245722496e-4,NA,0.04522044894598223,NA,0.9489202399685988
BTS_fall_allbox_effic1,19,Blue_whiting,sizebin5,10000000,NA,0.005505115553230077,NA,NA,NA,NA,NA,3.845293060795938e-4,NA,0.046280088376496664,NA,0.9478302667641937
BTS_fall_allbox_effic1,20,Blue_whiting,sizebin2,10000000,NA,1.3171226563850212e-5,NA,NA,NA,NA,NA,5.640084464742069e-7,NA,7.648351934356408e-5,NA,0.9999097812456461
BTS_fall_allbox_effic1,20,Blue_whiting,sizebin3,10000000,NA,0.0040918593849629745,NA,NA,NA,NA,NA,1.7998271374841508e-4,NA,0.025505857781410443,NA,0.9702223001198782
BTS_fall_allbox_effic1,20,Blue_whiting,sizebin4,10000000,NA,0.006324901179719663,NA,NA,NA,NA,NA,2.7998250083000596e-4,NA,0.04012953700020633,NA,0.953265579319244
BTS_fall_allbox_effic1,20,Blue_whiting,sizebin5,10000000,NA,0.006354064614057899,NA,NA,NA,NA,NA,2.832107230414314e-4,NA,0.04111472293922201,NA,0.9522480017236786
BTS_fall_allbox_effic1,21,Blue_whiting,sizebin3,10000000,NA,0.004166052364881228,NA,NA,NA,NA,NA,2.2601114852489527e-4,NA,0.02606252809038885,NA,0.9695454083962051
BTS_fall_allbox_effic1,21,Blue_whiting,sizebin4,10000000,NA,0.00657181176379365,NA,NA,NA,NA,NA,3.5894794201043583e-4,NA,0.04186639069455795,NA,0.951202849599638
BTS_fall_allbox_effic1,21,Blue_whiting,sizebin5,10000000,NA,0.00659305106301164,NA,NA,NA,NA,NA,3.6256755166015305e-4,NA,0.0428652918735144,NA,0.9501790895118138
BTS_fall_allbox_effic1,22,Blue_whiting,sizebin3,10000000,NA,0.004240124924159538,NA,NA,NA,NA,NA,2.2107577248461457e-4,NA,0.025763074025464995,NA,0.9697757252778909
BTS_fall_allbox_effic1,22,Blue_whiting,sizebin4,10000000,NA,0.006851038722322252,NA,NA,NA,NA,NA,3.6044429160383317e-4,NA,0.042318466021452596,NA,0.9504700509646213
BTS_fall_allbox_effic1,22,Blue_whiting,sizebin5,10000000,NA,0.006858082641973807,NA,NA,NA,NA,NA,3.6453765738579994e-4,NA,0.043183723250586226,NA,0.9495936564500542
BTS_fall_allbox_effic1,23,Blue_whiting,sizebin3,10000000,NA,0.006137966099873976,NA,NA,NA,NA,NA,2.4295705501600417e-4,NA,0.022527803713453212,NA,0.9710912731316568
BTS_fall_allbox_effic1,23,Blue_whiting,sizebin4,10000000,NA,0.01005840328530247,NA,NA,NA,NA,NA,4.0332369816361614e-4,NA,0.03766390126800297,NA,0.951874371748531
BTS_fall_allbox_effic1,23,Blue_whiting,sizebin5,10000000,NA,0.010033403515100198,NA,NA,NA,NA,NA,4.0834615676804567e-4,NA,0.0384350899965918,NA,0.95112316033154
BTS_fall_allbox_effic1,24,Blue_whiting,sizebin3,10000000,NA,0.004279001138003485,NA,NA,NA,NA,NA,2.198925394274894e-4,NA,0.017414303839036735,NA,0.9780868024835323
BTS_fall_allbox_effic1,24,Blue_whiting,sizebin4,10000000,NA,0.007092599104449851,NA,NA,NA,NA,NA,3.6926324603790055e-4,NA,0.0294530499749906,NA,0.9630850876745216
BTS_fall_allbox_effic1,24,Blue_whiting,sizebin5,10000000,NA,0.007082622290720864,NA,NA,NA,NA,NA,3.7410166856321103e-4,NA,0.03007838053731738,NA,0.9624648955033985
BTS_fall_allbox_effic1,25,Blue_whiting,sizebin3,10000000,NA,0.0055590144710160145,NA,NA,NA,NA,NA,1.922280003617366e-4,NA,0.018547194137719974,NA,0.9757015633909023
BTS_fall_allbox_effic1,25,Blue_whiting,sizebin4,10000000,NA,0.009406226040984346,NA,NA,NA,NA,NA,3.9003061900666876e-4,NA,0.032096927631450375,NA,0.9581068157085586
BTS_fall_allbox_effic1,25,Blue_whiting,sizebin5,10000000,NA,0.009363820413942167,NA,NA,NA,NA,NA,4.458764649840712e-4,NA,0.03273581516209583,NA,0.9574544879589779
BTS_fall_allbox_effic1,26,Blue_whiting,sizebin3,10000000,NA,0.004717347347387202,NA,NA,NA,NA,NA,1.8853607837920972e-4,NA,0.022668069001062382,NA,0.9724260475731712
BTS_fall_allbox_effic1,26,Blue_whiting,sizebin4,10000000,NA,0.007596759512060652,NA,NA,NA,NA,NA,3.0930314234858374e-4,NA,0.03722323062847353,NA,0.9548707067171173
BTS_fall_allbox_effic1,26,Blue_whiting,sizebin5,10000000,NA,0.0075602090283794585,NA,NA,NA,NA,NA,3.1393762331343594e-4,NA,0.03785004904110948,NA,0.9542758043071976
BTS_fall_allbox_effic1,27,Blue_whiting,sizebin3,10000000,NA,0.006574641050685426,NA,NA,NA,NA,NA,2.0784665033796472e-4,NA,0.023172279272050934,NA,0.9700452330269257
BTS_fall_allbox_effic1,27,Blue_whiting,sizebin4,10000000,NA,0.010339198529410848,NA,NA,NA,NA,NA,3.904040624175363e-4,NA,0.03724270482288287,NA,0.9520276925852887
BTS_fall_allbox_effic1,27,Blue_whiting,sizebin5,10000000,NA,0.010268997748934848,NA,NA,NA,NA,NA,4.4311749298298536e-4,NA,0.037867545086144434,NA,0.9514203396719377
BTS_fall_allbox_effic1,28,Blue_whiting,sizebin3,10000000,NA,0.004527613583781345,NA,NA,NA,NA,NA,1.4690885802348737e-4,NA,0.024672992857168834,NA,0.9706524847010264
BTS_fall_allbox_effic1,28,Blue_whiting,sizebin4,10000000,NA,0.007037356367549971,NA,NA,NA,NA,NA,2.323111248866485e-4,NA,0.03905693047893124,NA,0.9536734020286322
BTS_fall_allbox_effic1,28,Blue_whiting,sizebin5,10000000,NA,0.007006361131733319,NA,NA,NA,NA,NA,2.3549958732196717e-4,NA,0.039628915245030816,NA,0.9531292240359139
BTS_fall_allbox_effic1,29,Blue_whiting,sizebin2,10000000,NA,NA,NA,NA,NA,NA,NA,6.788985823828032e-7,NA,NA,NA,0.9999993211014176
BTS_fall_allbox_effic1,29,Blue_whiting,sizebin3,10000000,NA,0.007527484731955839,NA,NA,NA,NA,NA,1.6427284933320693e-4,NA,0.023293137568363917,NA,0.969015104850347
BTS_fall_allbox_effic1,29,Blue_whiting,sizebin4,10000000,NA,0.011534123282661863,NA,NA,NA,NA,NA,2.561849218932849e-4,NA,0.036454734075761976,NA,0.9517549577196829
BTS_fall_allbox_effic1,29,Blue_whiting,sizebin5,10000000,NA,0.011482726373285346,NA,NA,NA,NA,NA,2.5915556794664876e-4,NA,0.03702066020818342,NA,0.9512374578505846
BTS_fall_allbox_effic1,30,Blue_whiting,sizebin2,10000000,NA,NA,NA,NA,NA,NA,NA,1.8600698454309201e-6,NA,NA,NA,0.9999981399301545
BTS_fall_allbox_effic1,30,Blue_whiting,sizebin3,10000000,NA,0.00672323913256124,NA,NA,NA,NA,NA,2.8308684085475767e-4,NA,0.01986455182948205,NA,0.9731291221971019
BTS_fall_allbox_effic1,30,Blue_whiting,sizebin4,10000000,NA,0.010234816045357881,NA,NA,NA,NA,NA,4.385060680744807e-4,NA,0.030906966916691054,NA,0.9584197109698765
BTS_fall_allbox_effic1,30,Blue_whiting,sizebin5,10000000,NA,0.010219723822563012,NA,NA,NA,NA,NA,4.4540924963116114e-4,NA,0.03147825488843935,NA,0.9578566120393665
BTS_fall_allbox_effic1,31,Blue_whiting,sizebin3,10000000,NA,0.006826681411428907,NA,NA,NA,NA,NA,5.884809450631247e-4,NA,0.020391845240328756,NA,0.9721929924031792
BTS_fall_allbox_effic1,31,Blue_whiting,sizebin4,10000000,NA,0.010330530555420943,NA,NA,NA,NA,NA,9.077803706113192e-4,NA,0.031572632942768804,NA,0.957189056131199
BTS_fall_allbox_effic1,31,Blue_whiting,sizebin5,10000000,NA,0.010296178103129924,NA,NA,NA,NA,NA,9.207740838932874e-4,NA,0.03212423713554027,NA,0.9566588106774365
BTS_fall_allbox_effic1,32,Blue_whiting,sizebin3,10000000,NA,0.007322780327655043,NA,NA,NA,NA,NA,5.639081325392131e-4,NA,0.025886042830691076,NA,0.9662272687091147
BTS_fall_allbox_effic1,32,Blue_whiting,sizebin4,10000000,NA,0.010805998990216933,NA,NA,NA,NA,NA,8.52170504308312e-4,NA,0.039114617939058086,NA,0.9492272125664166
BTS_fall_allbox_effic1,32,Blue_whiting,sizebin5,10000000,NA,0.010764163110684974,NA,NA,NA,NA,NA,8.658567912792682e-4,NA,0.03976691430030757,NA,0.9486030657977282
BTS_fall_allbox_effic1,33,Blue_whiting,sizebin3,10000000,NA,0.009653574502067223,NA,NA,NA,NA,NA,8.338547918813881e-4,NA,0.026291527977316216,NA,0.9632210427287352
BTS_fall_allbox_effic1,33,Blue_whiting,sizebin4,10000000,NA,0.013956038021016748,NA,NA,NA,NA,NA,0.0012267891727981936,NA,0.03897803274823542,NA,0.9458391400579497
BTS_fall_allbox_effic1,33,Blue_whiting,sizebin5,10000000,NA,0.013901018750699623,NA,NA,NA,NA,NA,0.0012391701013248606,NA,0.03968404328541557,NA,0.94517576786256
BTS_fall_allbox_effic1,34,Blue_whiting,sizebin3,10000000,NA,0.008809350086876624,NA,NA,NA,NA,NA,6.65952941834145e-4,NA,0.034120763377788126,NA,0.9564039335935011
BTS_fall_allbox_effic1,34,Blue_whiting,sizebin4,10000000,NA,0.01252262974869198,NA,NA,NA,NA,NA,9.6696021085216e-4,NA,0.04955604200513163,NA,0.9369543680353243
BTS_fall_allbox_effic1,34,Blue_whiting,sizebin5,10000000,NA,0.012497353553461172,NA,NA,NA,NA,NA,9.82675345037895e-4,NA,0.05042981911218854,NA,0.9360901519893123
BTS_fall_allbox_effic1,35,Blue_whiting,sizebin3,10000000,NA,0.009939953461313936,NA,NA,NA,NA,NA,3.8366444741256943e-4,NA,0.03491884621260667,NA,0.9547575358786669
BTS_fall_allbox_effic1,35,Blue_whiting,sizebin4,10000000,NA,0.014073060297092226,NA,NA,NA,NA,NA,6.211267947275911e-4,NA,0.05051420220946317,NA,0.934791610698717
BTS_fall_allbox_effic1,35,Blue_whiting,sizebin5,10000000,NA,0.014037996956250071,NA,NA,NA,NA,NA,6.808475395478225e-4,NA,0.05143484051630492,NA,0.9338463149878972
BTS_fall_allbox_effic1,36,Blue_whiting,sizebin3,10000000,NA,0.0100440721061182,NA,NA,NA,NA,NA,2.024786464306439e-4,NA,0.031189096563873062,NA,0.9585643526835781
BTS_fall_allbox_effic1,36,Blue_whiting,sizebin4,10000000,NA,0.014065571122184565,NA,NA,NA,NA,NA,3.5732434159899145e-4,NA,0.04466384420169002,NA,0.9409132603345264
BTS_fall_allbox_effic1,36,Blue_whiting,sizebin5,10000000,NA,0.014049135238212645,NA,NA,NA,NA,NA,4.2284259869357214e-4,NA,0.04554028339937746,NA,0.9399877387637163
BTS_fall_allbox_effic1,37,Blue_whiting,sizebin3,10000000,NA,0.009837196000353701,NA,NA,NA,NA,NA,1.6140413292966812e-4,NA,0.03366067767675726,NA,0.9563407221899594
BTS_fall_allbox_effic1,37,Blue_whiting,sizebin4,10000000,NA,0.013678158837332414,NA,NA,NA,NA,NA,2.2632157517741335e-4,NA,0.04777605099939908,NA,0.9383194685880911
BTS_fall_allbox_effic1,37,Blue_whiting,sizebin5,10000000,NA,0.013682720203693603,NA,NA,NA,NA,NA,2.2756978160902555e-4,NA,0.048744161104278406,NA,0.937345548910419
BTS_fall_allbox_effic1,38,Blue_whiting,sizebin2,10000000,NA,NA,NA,NA,NA,NA,NA,7.539438635292634e-7,NA,NA,NA,0.9999992460561364
BTS_fall_allbox_effic1,38,Blue_whiting,sizebin3,10000000,NA,0.008661246248622438,NA,NA,NA,NA,NA,2.1749435726209902e-4,NA,0.03523324833162385,NA,0.9558880110624917
BTS_fall_allbox_effic1,38,Blue_whiting,sizebin4,10000000,NA,0.012003001694079717,NA,NA,NA,NA,NA,3.007208520980696e-4,NA,0.049724884380104376,NA,0.9379713930737178
BTS_fall_allbox_effic1,38,Blue_whiting,sizebin5,10000000,NA,0.012031679760822079,NA,NA,NA,NA,NA,3.004990017001642e-4,NA,0.05072964903409184,NA,0.9369381722033859
BTS_fall_allbox_effic1,39,Blue_whiting,sizebin3,10000000,NA,0.007611778091689839,NA,NA,NA,NA,NA,3.7184986906170617e-4,NA,0.037534411699441605,NA,0.9544819603398068
BTS_fall_allbox_effic1,39,Blue_whiting,sizebin4,10000000,NA,0.010479383600082364,NA,NA,NA,NA,NA,5.167840826932512e-4,NA,0.0525260734575291,NA,0.9364777588596953
BTS_fall_allbox_effic1,39,Blue_whiting,sizebin5,10000000,NA,0.01051153494913882,NA,NA,NA,NA,NA,5.229118067881252e-4,NA,0.053537195180873846,NA,0.9354283580631992
BTS_fall_allbox_effic1,40,Blue_whiting,sizebin3,10000000,NA,0.009640347376874957,NA,NA,NA,NA,NA,2.3286190898440232e-4,NA,0.040350206901015664,NA,0.949776583813125
BTS_fall_allbox_effic1,40,Blue_whiting,sizebin4,10000000,NA,0.013283375819244428,NA,NA,NA,NA,NA,3.228210616466062e-4,NA,0.0564983530037983,NA,0.9298954501153107
BTS_fall_allbox_effic1,40,Blue_whiting,sizebin5,10000000,NA,0.013317716787296633,NA,NA,NA,NA,NA,3.2566184909685347e-4,NA,0.05757688808390334,NA,0.9287797332797032
BTS_fall_allbox_effic1,41,Blue_whiting,sizebin2,10000000,NA,NA,NA,NA,NA,NA,NA,1.1067801764666044e-6,NA,NA,NA,0.9999988932198235
BTS_fall_allbox_effic1,41,Blue_whiting,sizebin3,10000000,NA,0.007495956666349184,NA,NA,NA,NA,NA,2.831693851938361e-4,NA,0.038795276703235945,NA,0.953425597245221
BTS_fall_allbox_effic1,41,Blue_whiting,sizebin4,10000000,NA,0.010290193290852439,NA,NA,NA,NA,NA,3.9001357812443784e-4,NA,0.05406463081640486,NA,0.9352551623146182
BTS_fall_allbox_effic1,41,Blue_whiting,sizebin5,10000000,NA,0.010344618808886383,NA,NA,NA,NA,NA,3.9347093166330064e-4,NA,0.05516351526749803,NA,0.9340983949919522
BTS_fall_allbox_effic1,42,Blue_whiting,sizebin3,10000000,NA,0.00829969228399195,NA,NA,NA,NA,NA,3.429722458231344e-4,NA,0.04577259671761226,NA,0.9455847387525727
BTS_fall_allbox_effic1,42,Blue_whiting,sizebin4,10000000,NA,0.011308975563404631,NA,NA,NA,NA,NA,5.133845760083278e-4,NA,0.06320160382811524,NA,0.9249760360324718
BTS_fall_allbox_effic1,42,Blue_whiting,sizebin5,10000000,NA,0.011352445344950376,NA,NA,NA,NA,NA,5.588435723820597e-4,NA,0.06433301379914785,NA,0.9237556972835197
BTS_fall_allbox_effic1,43,Blue_whiting,sizebin3,10000000,NA,0.00868478345168088,NA,NA,NA,NA,NA,1.3336784226723446e-4,NA,0.038217841275833074,NA,0.9529640074302188
BTS_fall_allbox_effic1,43,Blue_whiting,sizebin4,10000000,NA,0.011880357632732184,NA,NA,NA,NA,NA,1.9929651614800054e-4,NA,0.05305790370440764,NA,0.9348624421467122
BTS_fall_allbox_effic1,43,Blue_whiting,sizebin5,10000000,NA,0.011926896854928086,NA,NA,NA,NA,NA,2.1615635734908027e-4,NA,0.054111569172962067,NA,0.9337453776147607
BTS_fall_allbox_effic1,44,Blue_whiting,sizebin2,10000000,NA,NA,NA,NA,NA,NA,NA,4.7372453348598014e-7,NA,NA,NA,0.9999995262754665
BTS_fall_allbox_effic1,44,Blue_whiting,sizebin3,10000000,NA,0.007878469331997467,NA,NA,NA,NA,NA,1.349915555172655e-4,NA,0.037750389721741655,NA,0.9542361493907436
BTS_fall_allbox_effic1,44,Blue_whiting,sizebin4,10000000,NA,0.010724632337554569,NA,NA,NA,NA,NA,1.8472352740191907e-4,NA,0.05210688418073668,NA,0.9369837599543068
BTS_fall_allbox_effic1,44,Blue_whiting,sizebin5,10000000,NA,0.010782838278311701,NA,NA,NA,NA,NA,1.8645955219961067e-4,NA,0.05316140564721423,NA,0.9358692965222745
BTS_fall_allbox_effic1,45,Blue_whiting,sizebin2,10000000,NA,NA,NA,NA,NA,NA,NA,1.892013084510321e-6,NA,NA,NA,0.9999981079869155
BTS_fall_allbox_effic1,45,Blue_whiting,sizebin3,10000000,NA,0.005937095266484212,NA,NA,NA,NA,NA,2.838591938163194e-4,NA,0.04191137268563956,NA,0.9518676728540599
BTS_fall_allbox_effic1,45,Blue_whiting,sizebin4,10000000,NA,0.008173870924484928,NA,NA,NA,NA,NA,3.924470449821523e-4,NA,0.05841675395384311,NA,0.9330169280766898
BTS_fall_allbox_effic1,45,Blue_whiting,sizebin5,10000000,NA,0.008228639410541017,NA,NA,NA,NA,NA,3.9768124813314336e-4,NA,0.059579009389001764,NA,0.9317946699523241
BTS_fall_allbox_effic1,46,Blue_whiting,sizebin3,10000000,NA,0.008548791795834463,NA,NA,NA,NA,NA,8.854392739810658e-4,NA,0.04178886445169147,NA,0.948776904478493
BTS_fall_allbox_effic1,46,Blue_whiting,sizebin4,10000000,NA,0.011670798965642286,NA,NA,NA,NA,NA,0.0012623376910068879,NA,0.05772780662333193,NA,0.9293390567200189
BTS_fall_allbox_effic1,46,Blue_whiting,sizebin5,10000000,NA,0.011745029049463531,NA,NA,NA,NA,NA,0.0013396095505827585,NA,0.058840111377683656,NA,0.9280752500222701
BTS_fall_allbox_effic1,47,Blue_whiting,sizebin3,10000000,NA,0.009629154938489416,NA,NA,NA,NA,NA,6.055949373827936e-4,NA,0.04403973407533913,NA,0.9457255160487886
BTS_fall_allbox_effic1,47,Blue_whiting,sizebin4,10000000,NA,0.013068800430527293,NA,NA,NA,NA,NA,8.260682981157348e-4,NA,0.060489373864773266,NA,0.9256157574065838
BTS_fall_allbox_effic1,47,Blue_whiting,sizebin5,10000000,NA,0.013136265790017285,NA,NA,NA,NA,NA,8.336121581730711e-4,NA,0.06158450889962817,NA,0.9244456131521814
BTS_fall_allbox_effic1,48,Blue_whiting,sizebin3,10000000,NA,0.012678152234962525,NA,NA,NA,NA,NA,5.022817949569123e-4,NA,0.04208220062993363,NA,0.944737365340147
BTS_fall_allbox_effic1,48,Blue_whiting,sizebin4,10000000,NA,0.01724170445348601,NA,NA,NA,NA,NA,7.44405602727925e-4,NA,0.057935346177421534,NA,0.9240785437663646
BTS_fall_allbox_effic1,48,Blue_whiting,sizebin5,10000000,NA,0.01730770181027908,NA,NA,NA,NA,NA,8.067062623023919e-4,NA,0.05891613901795397,NA,0.9229694529094645
BTS_fall_allbox_effic1,49,Blue_whiting,sizebin3,10000000,NA,0.010485004838394908,NA,NA,NA,NA,NA,2.3836709027547906e-4,NA,0.039813627512228215,NA,0.9494630005591014
BTS_fall_allbox_effic1,49,Blue_whiting,sizebin4,10000000,NA,0.01434234549232035,NA,NA,NA,NA,NA,3.548347982225662e-4,NA,0.05516730026729648,NA,0.9301355194421606
BTS_fall_allbox_effic1,49,Blue_whiting,sizebin5,10000000,NA,0.0143872722448851,NA,NA,NA,NA,NA,3.8494298480403887e-4,NA,0.05611825117317306,NA,0.9291095335971378
BTS_fall_allbox_effic1,50,Blue_whiting,sizebin3,10000000,NA,0.008705123550108699,NA,NA,NA,NA,NA,1.4856208474452162e-5,NA,0.03698246987484354,NA,0.9542975503665733
BTS_fall_allbox_effic1,50,Blue_whiting,sizebin4,10000000,NA,0.011956010511264006,NA,NA,NA,NA,NA,3.255159670725466e-5,NA,0.05136708125783413,NA,0.9366443566341947
BTS_fall_allbox_effic1,50,Blue_whiting,sizebin5,10000000,NA,0.012020368697837628,NA,NA,NA,NA,NA,5.609411320919894e-5,NA,0.05228064726723472,NA,0.9356428899217184
BTS_fall_allbox_effic1,51,Blue_whiting,sizebin2,10000000,NA,NA,NA,NA,NA,NA,NA,3.1716845690259676e-7,NA,NA,NA,0.9999996828315431
BTS_fall_allbox_effic1,51,Blue_whiting,sizebin3,10000000,NA,0.011239702422687655,NA,NA,NA,NA,NA,8.494802341848422e-5,NA,0.04168154103186941,NA,0.9469938085220244
BTS_fall_allbox_effic1,51,Blue_whiting,sizebin4,10000000,NA,0.01540364742612325,NA,NA,NA,NA,NA,1.1784765898467486e-4,NA,0.057852188454867864,NA,0.9266263164600242
BTS_fall_allbox_effic1,51,Blue_whiting,sizebin5,10000000,NA,0.015461325380277,NA,NA,NA,NA,NA,1.2006380201756311e-4,NA,0.05889127818085369,NA,0.9255273326368517
BTS_fall_allbox_effic1,52,Blue_whiting,sizebin2,10000000,NA,NA,NA,NA,NA,NA,NA,4.3747584197114045e-7,NA,NA,NA,0.999999562524158
BTS_fall_allbox_effic1,52,Blue_whiting,sizebin3,10000000,NA,0.006447003369174148,NA,NA,NA,NA,NA,1.571906584866248e-4,NA,0.03577564013278551,NA,0.9576201658395537
BTS_fall_allbox_effic1,52,Blue_whiting,sizebin4,10000000,NA,0.008904126649507453,NA,NA,NA,NA,NA,2.1942344799398843e-4,NA,0.049967140566104164,NA,0.9409093093363944
BTS_fall_allbox_effic1,52,Blue_whiting,sizebin5,10000000,NA,0.00897233272239768,NA,NA,NA,NA,NA,2.2383618987183488e-4,NA,0.05098418720308832,NA,0.9398196438846421
BTS_fall_allbox_effic1,53,Blue_whiting,sizebin3,10000000,NA,0.007239651688542094,NA,NA,NA,NA,NA,1.916011210246162e-4,NA,0.03969960725296564,NA,0.9528691399374677
BTS_fall_allbox_effic1,53,Blue_whiting,sizebin4,10000000,NA,0.009937834517628903,NA,NA,NA,NA,NA,2.654317564828456e-4,NA,0.05510268826792262,NA,0.9346940454579656
BTS_fall_allbox_effic1,53,Blue_whiting,sizebin5,10000000,NA,0.009990123129060011,NA,NA,NA,NA,NA,2.69006931400867e-4,NA,0.05606714048352946,NA,0.9336737294560097
BTS_fall_allbox_effic1,54,Blue_whiting,sizebin2,10000000,NA,NA,NA,NA,NA,NA,NA,1.2188021720850232e-6,NA,NA,NA,0.9999987811978279
BTS_fall_allbox_effic1,54,Blue_whiting,sizebin3,10000000,NA,0.008038856457301265,NA,NA,NA,NA,NA,1.2555200600066914e-4,NA,0.038560361878494195,NA,0.9532752296582039
BTS_fall_allbox_effic1,54,Blue_whiting,sizebin4,10000000,NA,0.011010901465907403,NA,NA,NA,NA,NA,1.7350978706961475e-4,NA,0.053443987270007515,NA,0.9353716014770155
BTS_fall_allbox_effic1,54,Blue_whiting,sizebin5,10000000,NA,0.011100115117305357,NA,NA,NA,NA,NA,1.772203491924881e-4,NA,0.054578383804284265,NA,0.9341442807292178
BTS_fall_allbox_effic1,55,Blue_whiting,sizebin3,10000000,NA,0.011301793000155777,NA,NA,NA,NA,NA,1.804669949274704e-4,NA,0.04348464374921121,NA,0.9450330962557055
BTS_fall_allbox_effic1,55,Blue_whiting,sizebin4,10000000,NA,0.01523024624292227,NA,NA,NA,NA,NA,2.4400886940317381e-4,NA,0.05927692055322157,NA,0.925248824334453
BTS_fall_allbox_effic1,55,Blue_whiting,sizebin5,10000000,NA,0.015288194940392876,NA,NA,NA,NA,NA,2.45958840692746e-4,NA,0.06026284826373267,NA,0.9242029979551817
BTS_fall_allbox_effic1,56,Blue_whiting,sizebin3,10000000,NA,0.004375563178650346,NA,NA,NA,NA,NA,6.831145412847594e-5,NA,0.032679590683470816,NA,0.9628765346837503
BTS_fall_allbox_effic1,56,Blue_whiting,sizebin4,10000000,NA,0.006566682367701403,NA,NA,NA,NA,NA,1.0257237403622439e-4,NA,0.049517488861319424,NA,0.9438132563969429
BTS_fall_allbox_effic1,56,Blue_whiting,sizebin5,10000000,NA,0.0066283504214038474,NA,NA,NA,NA,NA,1.0349925878655658e-4,NA,0.05049938531981545,NA,0.9427687649999942
BTS_fall_allbox_effic1,57,Blue_whiting,sizebin2,10000000,NA,NA,NA,NA,NA,NA,NA,5.680754914139957e-7,NA,NA,NA,0.9999994319245086
BTS_fall_allbox_effic1,57,Blue_whiting,sizebin3,10000000,NA,0.007353228276488109,NA,NA,NA,NA,NA,7.287063648537451e-5,NA,0.02733973166454328,NA,0.9652341694224832
BTS_fall_allbox_effic1,57,Blue_whiting,sizebin4,10000000,NA,0.01199874045140249,NA,NA,NA,NA,NA,1.193287654698057e-4,NA,0.045179210400376986,NA,0.9427027203827507
BTS_fall_allbox_effic1,57,Blue_whiting,sizebin5,10000000,NA,0.01209444417491642,NA,NA,NA,NA,NA,1.2107396372044657e-4,NA,0.0461718701838877,NA,0.9416126116774755
BTS_fall_allbox_effic1,58,Blue_whiting,sizebin3,10000000,NA,0.004507242209143588,NA,NA,NA,NA,NA,9.432250806995263e-5,NA,0.025606287146859634,NA,0.9697921481359268
BTS_fall_allbox_effic1,58,Blue_whiting,sizebin4,10000000,NA,0.007965329437077048,NA,NA,NA,NA,NA,1.6687432406188138e-4,NA,0.04577886073895464,NA,0.9460889354999065
BTS_fall_allbox_effic1,58,Blue_whiting,sizebin5,10000000,NA,0.008050114895878148,NA,NA,NA,NA,NA,1.6853995511537283e-4,NA,0.04685232255097276,NA,0.9449290225980337
BTS_fall_allbox_effic1,59,Blue_whiting,sizebin3,10000000,NA,0.004775343815747727,NA,NA,NA,NA,NA,NA,NA,0.02481869483020802,NA,0.9704059613540442
BTS_fall_allbox_effic1,59,Blue_whiting,sizebin4,10000000,NA,0.008920537748558013,NA,NA,NA,NA,NA,NA,NA,0.04694736954877123,NA,0.9441320927026707
BTS_fall_allbox_effic1,59,Blue_whiting,sizebin5,10000000,NA,0.008997694363392301,NA,NA,NA,NA,NA,NA,NA,0.048042964934161624,NA,0.942959340702446
BTS_fall_allbox_effic1,60,Blue_whiting,sizebin2,10000000,NA,NA,NA,NA,NA,NA,NA,7.566222062759945e-8,NA,NA,NA,0.9999999243377794
BTS_fall_allbox_effic1,60,Blue_whiting,sizebin3,10000000,NA,0.004875165809554708,NA,NA,NA,NA,NA,1.5877762618493092e-5,NA,0.020521247391066033,NA,0.9745877090367607
BTS_fall_allbox_effic1,60,Blue_whiting,sizebin4,10000000,NA,0.009528266485905929,NA,NA,NA,NA,NA,3.130926936468547e-5,NA,0.040727325787161824,NA,0.9497130984575676
BTS_fall_allbox_effic1,60,Blue_whiting,sizebin5,10000000,NA,0.009571601235336255,NA,NA,NA,NA,NA,3.1951802460056086e-5,NA,0.041689775494180306,NA,0.9487066714680233
BTS_fall_allbox_effic1,61,Blue_whiting,sizebin2,10000000,NA,NA,NA,NA,NA,NA,NA,3.043061577190557e-7,NA,NA,NA,0.9999996956938423
BTS_fall_allbox_effic1,61,Blue_whiting,sizebin3,10000000,NA,0.005088446734593653,NA,NA,NA,NA,NA,5.363694803248582e-5,NA,0.018104999333962004,NA,0.9767529169834118
BTS_fall_allbox_effic1,61,Blue_whiting,sizebin4,10000000,NA,0.010462706564149594,NA,NA,NA,NA,NA,1.1161128136870747e-4,NA,0.03779895969829862,NA,0.9516267224561831
BTS_fall_allbox_effic1,61,Blue_whiting,sizebin5,10000000,NA,0.010529291901555453,NA,NA,NA,NA,NA,1.1454747588480902e-4,NA,0.03876148432919471,NA,0.950594676293365
BTS_fall_allbox_effic1,62,Blue_whiting,sizebin3,10000000,NA,0.00440782860410127,NA,NA,NA,NA,NA,1.5560470249539678e-4,NA,0.015141446909859102,NA,0.9802951197835442
BTS_fall_allbox_effic1,62,Blue_whiting,sizebin4,10000000,NA,0.00948705373789192,NA,NA,NA,NA,NA,3.6011720398828077e-4,NA,0.03311813150014452,NA,0.9570346975579753
BTS_fall_allbox_effic1,62,Blue_whiting,sizebin5,10000000,NA,0.00953561076483446,NA,NA,NA,NA,NA,3.923192231615166e-4,NA,0.033924927470547955,NA,0.956147142541456
BTS_fall_allbox_effic1,63,Blue_whiting,sizebin3,10000000,NA,0.003354156856430698,NA,NA,NA,NA,NA,1.302604312751333e-4,NA,0.015049844876236639,NA,0.9814657378360575
BTS_fall_allbox_effic1,63,Blue_whiting,sizebin4,10000000,NA,0.007303288920942478,NA,NA,NA,NA,NA,3.5366661814455425e-4,NA,0.033348562900424525,NA,0.9589944815604885
BTS_fall_allbox_effic1,63,Blue_whiting,sizebin5,10000000,NA,0.00729520296379544,NA,NA,NA,NA,NA,4.5708433591853427e-4,NA,0.03400720862319995,NA,0.958240504077086
BTS_fall_allbox_effic1,64,Blue_whiting,sizebin2,10000000,NA,NA,NA,NA,NA,NA,NA,4.86887283072868e-7,NA,NA,NA,0.999999513112717
BTS_fall_allbox_effic1,64,Blue_whiting,sizebin3,10000000,NA,0.003201276680261991,NA,NA,NA,NA,NA,8.538913026291647e-5,NA,0.01313839949324885,NA,0.9835749346962263
BTS_fall_allbox_effic1,64,Blue_whiting,sizebin4,10000000,NA,0.007059860126443988,NA,NA,NA,NA,NA,1.9119689441257756e-4,NA,0.02954078814292823,NA,0.9632081548362152
BTS_fall_allbox_effic1,64,Blue_whiting,sizebin5,10000000,NA,0.007040665592616881,NA,NA,NA,NA,NA,1.9509491812985362e-4,NA,0.030153816789317597,NA,0.9626104226999357
BTS_fall_allbox_effic1,65,Blue_whiting,sizebin3,10000000,NA,0.004053029463431803,NA,NA,NA,NA,NA,2.1466339789987318e-4,NA,0.01261334739607812,NA,0.9831189597425902
BTS_fall_allbox_effic1,65,Blue_whiting,sizebin4,10000000,NA,0.00904723631265579,NA,NA,NA,NA,NA,4.888595257174544e-4,NA,0.028766384180287586,NA,0.9616975199813391
BTS_fall_allbox_effic1,65,Blue_whiting,sizebin5,10000000,NA,0.00899241475988925,NA,NA,NA,NA,NA,4.980881927580974e-4,NA,0.029349932449996508,NA,0.9611595645973562
BTS_fall_allbox_effic1,66,Blue_whiting,sizebin3,10000000,NA,0.003256845669378199,NA,NA,NA,NA,NA,2.4085096525682423e-5,NA,0.013654576081298518,NA,0.9830644931527976
BTS_fall_allbox_effic1,66,Blue_whiting,sizebin4,10000000,NA,0.007499824116796509,NA,NA,NA,NA,NA,9.35735447267851e-5,NA,0.03208473131843414,NA,0.9603218710200425
BTS_fall_allbox_effic1,66,Blue_whiting,sizebin5,10000000,NA,0.007453966972023991,NA,NA,NA,NA,NA,1.3773905460940438e-4,NA,0.032672870622339804,NA,0.9597354233510268
BTS_fall_allbox_effic1,67,Blue_whiting,sizebin2,10000000,NA,NA,NA,NA,NA,NA,NA,3.197072493001543e-7,NA,NA,NA,0.9999996802927507
BTS_fall_allbox_effic1,67,Blue_whiting,sizebin3,10000000,NA,0.0038591659990945583,NA,NA,NA,NA,NA,2.7044859662275668e-5,NA,0.011395215588105368,NA,0.9847185735531377
BTS_fall_allbox_effic1,67,Blue_whiting,sizebin4,10000000,NA,0.008952152384383816,NA,NA,NA,NA,NA,6.375807785068232e-5,NA,0.0269994996676135,NA,0.963984589870152
BTS_fall_allbox_effic1,67,Blue_whiting,sizebin5,10000000,NA,0.008895113068263367,NA,NA,NA,NA,NA,6.522118171762604e-5,NA,0.027534518620006842,NA,0.9635051471300121
BTS_fall_allbox_effic1,68,Blue_whiting,sizebin3,10000000,NA,0.0033521147242134555,NA,NA,NA,NA,NA,5.3020944983177155e-5,NA,0.011965749736527373,NA,0.984629114594276
BTS_fall_allbox_effic1,68,Blue_whiting,sizebin4,10000000,NA,0.00783824964648219,NA,NA,NA,NA,NA,1.2722441323321533e-4,NA,0.028605581821467406,NA,0.9634289441188172
BTS_fall_allbox_effic1,68,Blue_whiting,sizebin5,10000000,NA,0.007778799647857041,NA,NA,NA,NA,NA,1.3007096228036976e-4,NA,0.02916491356489883,NA,0.9629262158249637
BTS_fall_allbox_effic1,69,Blue_whiting,sizebin3,10000000,NA,0.0027045727333424602,NA,NA,NA,NA,NA,4.7225867419279616e-5,NA,0.010085708205480187,NA,0.987162493193758
BTS_fall_allbox_effic1,69,Blue_whiting,sizebin4,10000000,NA,0.0065923926739172465,NA,NA,NA,NA,NA,1.1819459920973981e-4,NA,0.025133726055614158,NA,0.9681556866712588
BTS_fall_allbox_effic1,69,Blue_whiting,sizebin5,10000000,NA,0.006578382690136612,NA,NA,NA,NA,NA,1.2228223156582436e-4,NA,0.025751751769971725,NA,0.9675475833083258
BTS_fall_allbox_effic1,70,Blue_whiting,sizebin3,10000000,NA,0.0029533101222028804,NA,NA,NA,NA,NA,6.131917840846227e-5,NA,0.009816859126644888,NA,0.9871685115727438
BTS_fall_allbox_effic1,70,Blue_whiting,sizebin4,10000000,NA,0.0073396988929235445,NA,NA,NA,NA,NA,1.551801521071199e-4,NA,0.024939511730545334,NA,0.967565609224424
BTS_fall_allbox_effic1,70,Blue_whiting,sizebin5,10000000,NA,0.007308079985383241,NA,NA,NA,NA,NA,1.5879945193179897e-4,NA,0.02548168994752303,NA,0.967051430615162
BTS_fall_allbox_effic1,71,Blue_whiting,sizebin2,10000000,NA,NA,NA,NA,NA,NA,NA,7.66150611323262e-7,NA,NA,NA,0.9999992338493887
BTS_fall_allbox_effic1,71,Blue_whiting,sizebin3,10000000,NA,0.003784099238943852,NA,NA,NA,NA,NA,5.6782790529815247e-5,NA,0.009590010631397708,NA,0.9865691073391286
BTS_fall_allbox_effic1,71,Blue_whiting,sizebin4,10000000,NA,0.009252500418909461,NA,NA,NA,NA,NA,1.4255625944248565e-4,NA,0.024031881331192006,NA,0.966573061990456
BTS_fall_allbox_effic1,71,Blue_whiting,sizebin5,10000000,NA,0.00918698710605557,NA,NA,NA,NA,NA,1.4743986387322162e-4,NA,0.024563792967929255,NA,0.966101780062142
BTS_fall_allbox_effic1,72,Blue_whiting,sizebin3,10000000,NA,0.0036952476979365857,NA,NA,NA,NA,NA,1.4135811505233155e-4,NA,0.01175264358395409,NA,0.9844107506030569
BTS_fall_allbox_effic1,72,Blue_whiting,sizebin4,10000000,NA,0.008903884347872542,NA,NA,NA,NA,NA,3.519823074402123e-4,NA,0.028991451890798978,NA,0.9617526814538883
BTS_fall_allbox_effic1,72,Blue_whiting,sizebin5,10000000,NA,0.008825164925642708,NA,NA,NA,NA,NA,3.6221816250681506e-4,NA,0.02955616376580366,NA,0.9612564531460468
BTS_fall_allbox_effic1,73,Blue_whiting,sizebin3,10000000,NA,0.004053447010347438,NA,NA,NA,NA,NA,1.4770995804585388e-4,NA,0.011559050226145139,NA,0.9842397928054616
BTS_fall_allbox_effic1,73,Blue_whiting,sizebin4,10000000,NA,0.009679184151013511,NA,NA,NA,NA,NA,4.653572634773767e-4,NA,0.02826020184115602,NA,0.9615952567443531
BTS_fall_allbox_effic1,73,Blue_whiting,sizebin5,10000000,NA,0.009573609440755854,NA,NA,NA,NA,NA,6.447483678135618e-4,NA,0.028808304128545577,NA,0.960973338062885
BTS_fall_allbox_effic1,74,Blue_whiting,sizebin3,10000000,NA,0.003399758727472965,NA,NA,NA,NA,NA,6.6653470724172925e-05,NA,0.010956652368718813,NA,0.985576935433084
BTS_fall_allbox_effic1,74,Blue_whiting,sizebin4,10000000,NA,0.008087565833586876,NA,NA,NA,NA,NA,1.6408950685887285e-4,NA,0.026722890865716227,NA,0.965025453793838
